{
 "cells": [
  {
   "cell_type": "code",
   "execution_count": 1,
   "metadata": {},
   "outputs": [],
   "source": [
    "import pandas as pd\n",
    "import numpy as np\n",
    "import matplotlib.pyplot as plt\n",
    "import seaborn as sns"
   ]
  },
  {
   "cell_type": "code",
   "execution_count": 4,
   "metadata": {},
   "outputs": [
    {
     "data": {
      "text/html": [
       "<div>\n",
       "<style scoped>\n",
       "    .dataframe tbody tr th:only-of-type {\n",
       "        vertical-align: middle;\n",
       "    }\n",
       "\n",
       "    .dataframe tbody tr th {\n",
       "        vertical-align: top;\n",
       "    }\n",
       "\n",
       "    .dataframe thead th {\n",
       "        text-align: right;\n",
       "    }\n",
       "</style>\n",
       "<table border=\"1\" class=\"dataframe\">\n",
       "  <thead>\n",
       "    <tr style=\"text-align: right;\">\n",
       "      <th></th>\n",
       "      <th>VALE5</th>\n",
       "      <th>PETR4</th>\n",
       "      <th>OGXP3</th>\n",
       "      <th>ITUB4</th>\n",
       "      <th>PETR3</th>\n",
       "      <th>VALE3</th>\n",
       "      <th>BBDC4</th>\n",
       "      <th>ISUM5</th>\n",
       "      <th>GGBR4</th>\n",
       "      <th>BBAS3</th>\n",
       "      <th>CSNA3</th>\n",
       "      <th>PDGR3</th>\n",
       "      <th>ITSA4</th>\n",
       "      <th>CYRE3</th>\n",
       "      <th>AMBV4</th>\n",
       "      <th>CIEL3</th>\n",
       "      <th>FIBR3</th>\n",
       "      <th>MILK11</th>\n",
       "      <th>BRFS3</th>\n",
       "      <th>GFSA3</th>\n",
       "    </tr>\n",
       "  </thead>\n",
       "  <tbody>\n",
       "    <tr>\n",
       "      <th>0</th>\n",
       "      <td>-0.006132</td>\n",
       "      <td>-0.071467</td>\n",
       "      <td>-0.005917</td>\n",
       "      <td>-0.064232</td>\n",
       "      <td>-0.080366</td>\n",
       "      <td>-0.015103</td>\n",
       "      <td>-0.136915</td>\n",
       "      <td>-0.003215</td>\n",
       "      <td>-0.135449</td>\n",
       "      <td>-0.029361</td>\n",
       "      <td>-0.004164</td>\n",
       "      <td>-0.129855</td>\n",
       "      <td>-0.048305</td>\n",
       "      <td>-0.090756</td>\n",
       "      <td>-0.010863</td>\n",
       "      <td>0.000667</td>\n",
       "      <td>-0.103566</td>\n",
       "      <td>1.142857</td>\n",
       "      <td>0.019417</td>\n",
       "      <td>-0.106999</td>\n",
       "    </tr>\n",
       "    <tr>\n",
       "      <th>1</th>\n",
       "      <td>0.054817</td>\n",
       "      <td>0.012877</td>\n",
       "      <td>-0.062500</td>\n",
       "      <td>0.010241</td>\n",
       "      <td>0.012559</td>\n",
       "      <td>0.031486</td>\n",
       "      <td>-0.005745</td>\n",
       "      <td>0.034677</td>\n",
       "      <td>0.043804</td>\n",
       "      <td>0.059431</td>\n",
       "      <td>0.075455</td>\n",
       "      <td>0.077282</td>\n",
       "      <td>0.029386</td>\n",
       "      <td>0.042052</td>\n",
       "      <td>0.005896</td>\n",
       "      <td>-0.056667</td>\n",
       "      <td>-0.036268</td>\n",
       "      <td>-0.270588</td>\n",
       "      <td>-0.023256</td>\n",
       "      <td>-0.437833</td>\n",
       "    </tr>\n",
       "    <tr>\n",
       "      <th>2</th>\n",
       "      <td>0.114736</td>\n",
       "      <td>0.022537</td>\n",
       "      <td>0.057143</td>\n",
       "      <td>0.068493</td>\n",
       "      <td>0.025840</td>\n",
       "      <td>0.132805</td>\n",
       "      <td>0.052970</td>\n",
       "      <td>0.187062</td>\n",
       "      <td>0.090737</td>\n",
       "      <td>-0.002015</td>\n",
       "      <td>-0.035131</td>\n",
       "      <td>-0.084106</td>\n",
       "      <td>0.053633</td>\n",
       "      <td>-0.066075</td>\n",
       "      <td>-0.063326</td>\n",
       "      <td>0.183746</td>\n",
       "      <td>0.166616</td>\n",
       "      <td>-0.193548</td>\n",
       "      <td>0.086168</td>\n",
       "      <td>-0.102920</td>\n",
       "    </tr>\n",
       "    <tr>\n",
       "      <th>3</th>\n",
       "      <td>-0.034309</td>\n",
       "      <td>-0.066968</td>\n",
       "      <td>0.033033</td>\n",
       "      <td>-0.030769</td>\n",
       "      <td>-0.065743</td>\n",
       "      <td>-0.048119</td>\n",
       "      <td>-0.026829</td>\n",
       "      <td>-0.047439</td>\n",
       "      <td>0.002080</td>\n",
       "      <td>0.009761</td>\n",
       "      <td>-0.079899</td>\n",
       "      <td>0.043214</td>\n",
       "      <td>-0.009852</td>\n",
       "      <td>-0.026116</td>\n",
       "      <td>0.036503</td>\n",
       "      <td>0.008955</td>\n",
       "      <td>-0.091571</td>\n",
       "      <td>-0.213333</td>\n",
       "      <td>-0.063883</td>\n",
       "      <td>-0.039056</td>\n",
       "    </tr>\n",
       "    <tr>\n",
       "      <th>4</th>\n",
       "      <td>-0.103866</td>\n",
       "      <td>-0.103574</td>\n",
       "      <td>-0.057558</td>\n",
       "      <td>-0.082011</td>\n",
       "      <td>-0.081154</td>\n",
       "      <td>-0.080882</td>\n",
       "      <td>-0.047619</td>\n",
       "      <td>-0.209030</td>\n",
       "      <td>-0.135247</td>\n",
       "      <td>-0.134000</td>\n",
       "      <td>-0.149909</td>\n",
       "      <td>-0.009061</td>\n",
       "      <td>-0.075456</td>\n",
       "      <td>-0.037055</td>\n",
       "      <td>0.026635</td>\n",
       "      <td>-0.088757</td>\n",
       "      <td>-0.155212</td>\n",
       "      <td>-0.008475</td>\n",
       "      <td>0.039251</td>\n",
       "      <td>-0.068586</td>\n",
       "    </tr>\n",
       "    <tr>\n",
       "      <th>5</th>\n",
       "      <td>-0.115905</td>\n",
       "      <td>-0.092568</td>\n",
       "      <td>0.031462</td>\n",
       "      <td>-0.063401</td>\n",
       "      <td>-0.090376</td>\n",
       "      <td>-0.127000</td>\n",
       "      <td>-0.075329</td>\n",
       "      <td>0.048148</td>\n",
       "      <td>-0.056400</td>\n",
       "      <td>-0.051193</td>\n",
       "      <td>-0.057348</td>\n",
       "      <td>-0.004572</td>\n",
       "      <td>-0.039462</td>\n",
       "      <td>-0.012152</td>\n",
       "      <td>0.037244</td>\n",
       "      <td>-0.012987</td>\n",
       "      <td>-0.096949</td>\n",
       "      <td>-0.230769</td>\n",
       "      <td>0.017167</td>\n",
       "      <td>-0.018182</td>\n",
       "    </tr>\n",
       "    <tr>\n",
       "      <th>6</th>\n",
       "      <td>0.125561</td>\n",
       "      <td>0.036858</td>\n",
       "      <td>0.111842</td>\n",
       "      <td>0.218154</td>\n",
       "      <td>0.033548</td>\n",
       "      <td>0.112257</td>\n",
       "      <td>0.147279</td>\n",
       "      <td>0.028476</td>\n",
       "      <td>0.076727</td>\n",
       "      <td>0.238945</td>\n",
       "      <td>0.111787</td>\n",
       "      <td>0.228346</td>\n",
       "      <td>0.221289</td>\n",
       "      <td>0.270630</td>\n",
       "      <td>0.058196</td>\n",
       "      <td>0.039474</td>\n",
       "      <td>0.048799</td>\n",
       "      <td>-0.022222</td>\n",
       "      <td>0.042616</td>\n",
       "      <td>0.222222</td>\n",
       "    </tr>\n",
       "    <tr>\n",
       "      <th>7</th>\n",
       "      <td>-0.029060</td>\n",
       "      <td>-0.064273</td>\n",
       "      <td>0.123185</td>\n",
       "      <td>-0.044708</td>\n",
       "      <td>-0.076467</td>\n",
       "      <td>-0.034398</td>\n",
       "      <td>-0.055504</td>\n",
       "      <td>-0.110146</td>\n",
       "      <td>-0.080315</td>\n",
       "      <td>-0.067453</td>\n",
       "      <td>-0.080027</td>\n",
       "      <td>-0.036325</td>\n",
       "      <td>-0.059633</td>\n",
       "      <td>-0.119403</td>\n",
       "      <td>0.016336</td>\n",
       "      <td>-0.050633</td>\n",
       "      <td>-0.031496</td>\n",
       "      <td>-0.170455</td>\n",
       "      <td>-0.046945</td>\n",
       "      <td>-0.083333</td>\n",
       "    </tr>\n",
       "    <tr>\n",
       "      <th>8</th>\n",
       "      <td>0.117548</td>\n",
       "      <td>0.047199</td>\n",
       "      <td>0.056034</td>\n",
       "      <td>0.070069</td>\n",
       "      <td>0.027374</td>\n",
       "      <td>0.115614</td>\n",
       "      <td>0.113592</td>\n",
       "      <td>0.031115</td>\n",
       "      <td>-0.028253</td>\n",
       "      <td>0.128160</td>\n",
       "      <td>0.090335</td>\n",
       "      <td>0.116962</td>\n",
       "      <td>0.050407</td>\n",
       "      <td>0.097114</td>\n",
       "      <td>0.059745</td>\n",
       "      <td>-0.018000</td>\n",
       "      <td>0.081301</td>\n",
       "      <td>-0.219178</td>\n",
       "      <td>0.093418</td>\n",
       "      <td>0.078512</td>\n",
       "    </tr>\n",
       "    <tr>\n",
       "      <th>9</th>\n",
       "      <td>0.031317</td>\n",
       "      <td>-0.052767</td>\n",
       "      <td>0.012245</td>\n",
       "      <td>0.025451</td>\n",
       "      <td>-0.060855</td>\n",
       "      <td>0.024857</td>\n",
       "      <td>0.033314</td>\n",
       "      <td>-0.064758</td>\n",
       "      <td>-0.030837</td>\n",
       "      <td>0.030190</td>\n",
       "      <td>-0.036822</td>\n",
       "      <td>0.055583</td>\n",
       "      <td>0.044118</td>\n",
       "      <td>-0.018789</td>\n",
       "      <td>0.153328</td>\n",
       "      <td>-0.006789</td>\n",
       "      <td>0.041012</td>\n",
       "      <td>0.368421</td>\n",
       "      <td>-0.041553</td>\n",
       "      <td>0.080460</td>\n",
       "    </tr>\n",
       "    <tr>\n",
       "      <th>10</th>\n",
       "      <td>0.005236</td>\n",
       "      <td>-0.048743</td>\n",
       "      <td>-0.108423</td>\n",
       "      <td>-0.054217</td>\n",
       "      <td>-0.041331</td>\n",
       "      <td>-0.000746</td>\n",
       "      <td>-0.042225</td>\n",
       "      <td>-0.119171</td>\n",
       "      <td>-0.113636</td>\n",
       "      <td>-0.006042</td>\n",
       "      <td>-0.075752</td>\n",
       "      <td>-0.023037</td>\n",
       "      <td>-0.039288</td>\n",
       "      <td>-0.076596</td>\n",
       "      <td>-0.025329</td>\n",
       "      <td>0.018455</td>\n",
       "      <td>-0.127052</td>\n",
       "      <td>0.153846</td>\n",
       "      <td>0.033225</td>\n",
       "      <td>-0.153901</td>\n",
       "    </tr>\n",
       "    <tr>\n",
       "      <th>11</th>\n",
       "      <td>0.010417</td>\n",
       "      <td>0.109801</td>\n",
       "      <td>0.005025</td>\n",
       "      <td>0.013758</td>\n",
       "      <td>0.116186</td>\n",
       "      <td>0.033047</td>\n",
       "      <td>-0.027405</td>\n",
       "      <td>0.024599</td>\n",
       "      <td>0.162564</td>\n",
       "      <td>-0.044985</td>\n",
       "      <td>0.021448</td>\n",
       "      <td>-0.022137</td>\n",
       "      <td>0.018519</td>\n",
       "      <td>0.006912</td>\n",
       "      <td>0.095879</td>\n",
       "      <td>-0.097315</td>\n",
       "      <td>-0.003761</td>\n",
       "      <td>-0.222222</td>\n",
       "      <td>0.072157</td>\n",
       "      <td>0.009220</td>\n",
       "    </tr>\n",
       "  </tbody>\n",
       "</table>\n",
       "</div>"
      ],
      "text/plain": [
       "       VALE5     PETR4     OGXP3     ITUB4     PETR3     VALE3     BBDC4  \\\n",
       "0  -0.006132 -0.071467 -0.005917 -0.064232 -0.080366 -0.015103 -0.136915   \n",
       "1   0.054817  0.012877 -0.062500  0.010241  0.012559  0.031486 -0.005745   \n",
       "2   0.114736  0.022537  0.057143  0.068493  0.025840  0.132805  0.052970   \n",
       "3  -0.034309 -0.066968  0.033033 -0.030769 -0.065743 -0.048119 -0.026829   \n",
       "4  -0.103866 -0.103574 -0.057558 -0.082011 -0.081154 -0.080882 -0.047619   \n",
       "5  -0.115905 -0.092568  0.031462 -0.063401 -0.090376 -0.127000 -0.075329   \n",
       "6   0.125561  0.036858  0.111842  0.218154  0.033548  0.112257  0.147279   \n",
       "7  -0.029060 -0.064273  0.123185 -0.044708 -0.076467 -0.034398 -0.055504   \n",
       "8   0.117548  0.047199  0.056034  0.070069  0.027374  0.115614  0.113592   \n",
       "9   0.031317 -0.052767  0.012245  0.025451 -0.060855  0.024857  0.033314   \n",
       "10  0.005236 -0.048743 -0.108423 -0.054217 -0.041331 -0.000746 -0.042225   \n",
       "11  0.010417  0.109801  0.005025  0.013758  0.116186  0.033047 -0.027405   \n",
       "\n",
       "       ISUM5     GGBR4     BBAS3     CSNA3     PDGR3     ITSA4     CYRE3  \\\n",
       "0  -0.003215 -0.135449 -0.029361 -0.004164 -0.129855 -0.048305 -0.090756   \n",
       "1   0.034677  0.043804  0.059431  0.075455  0.077282  0.029386  0.042052   \n",
       "2   0.187062  0.090737 -0.002015 -0.035131 -0.084106  0.053633 -0.066075   \n",
       "3  -0.047439  0.002080  0.009761 -0.079899  0.043214 -0.009852 -0.026116   \n",
       "4  -0.209030 -0.135247 -0.134000 -0.149909 -0.009061 -0.075456 -0.037055   \n",
       "5   0.048148 -0.056400 -0.051193 -0.057348 -0.004572 -0.039462 -0.012152   \n",
       "6   0.028476  0.076727  0.238945  0.111787  0.228346  0.221289  0.270630   \n",
       "7  -0.110146 -0.080315 -0.067453 -0.080027 -0.036325 -0.059633 -0.119403   \n",
       "8   0.031115 -0.028253  0.128160  0.090335  0.116962  0.050407  0.097114   \n",
       "9  -0.064758 -0.030837  0.030190 -0.036822  0.055583  0.044118 -0.018789   \n",
       "10 -0.119171 -0.113636 -0.006042 -0.075752 -0.023037 -0.039288 -0.076596   \n",
       "11  0.024599  0.162564 -0.044985  0.021448 -0.022137  0.018519  0.006912   \n",
       "\n",
       "       AMBV4     CIEL3     FIBR3    MILK11     BRFS3     GFSA3  \n",
       "0  -0.010863  0.000667 -0.103566  1.142857  0.019417 -0.106999  \n",
       "1   0.005896 -0.056667 -0.036268 -0.270588 -0.023256 -0.437833  \n",
       "2  -0.063326  0.183746  0.166616 -0.193548  0.086168 -0.102920  \n",
       "3   0.036503  0.008955 -0.091571 -0.213333 -0.063883 -0.039056  \n",
       "4   0.026635 -0.088757 -0.155212 -0.008475  0.039251 -0.068586  \n",
       "5   0.037244 -0.012987 -0.096949 -0.230769  0.017167 -0.018182  \n",
       "6   0.058196  0.039474  0.048799 -0.022222  0.042616  0.222222  \n",
       "7   0.016336 -0.050633 -0.031496 -0.170455 -0.046945 -0.083333  \n",
       "8   0.059745 -0.018000  0.081301 -0.219178  0.093418  0.078512  \n",
       "9   0.153328 -0.006789  0.041012  0.368421 -0.041553  0.080460  \n",
       "10 -0.025329  0.018455 -0.127052  0.153846  0.033225 -0.153901  \n",
       "11  0.095879 -0.097315 -0.003761 -0.222222  0.072157  0.009220  "
      ]
     },
     "execution_count": 4,
     "metadata": {},
     "output_type": "execute_result"
    }
   ],
   "source": [
    "file = \"c:\\\\Users\\\\dan\\\\Desktop\\\\IC Complexos\\\\Minha base de dados\\\\Utilan Dados Separados\\\\Dados dos retornos 2010 (utilan)\\\\retornos da carteira de 2010 Utilan.xlsx\"\n",
    "retornos = pd.read_excel(file, header=0, sheet_name=1)\n",
    "retornos"
   ]
  },
  {
   "cell_type": "code",
   "execution_count": 5,
   "metadata": {},
   "outputs": [
    {
     "data": {
      "text/html": [
       "<div>\n",
       "<style scoped>\n",
       "    .dataframe tbody tr th:only-of-type {\n",
       "        vertical-align: middle;\n",
       "    }\n",
       "\n",
       "    .dataframe tbody tr th {\n",
       "        vertical-align: top;\n",
       "    }\n",
       "\n",
       "    .dataframe thead th {\n",
       "        text-align: right;\n",
       "    }\n",
       "</style>\n",
       "<table border=\"1\" class=\"dataframe\">\n",
       "  <thead>\n",
       "    <tr style=\"text-align: right;\">\n",
       "      <th></th>\n",
       "      <th>VALE5</th>\n",
       "      <th>PETR4</th>\n",
       "      <th>OGXP3</th>\n",
       "      <th>ITUB4</th>\n",
       "      <th>PETR3</th>\n",
       "      <th>VALE3</th>\n",
       "      <th>BBDC4</th>\n",
       "      <th>ISUM5</th>\n",
       "      <th>GGBR4</th>\n",
       "      <th>BBAS3</th>\n",
       "      <th>CSNA3</th>\n",
       "      <th>PDGR3</th>\n",
       "      <th>ITSA4</th>\n",
       "      <th>CYRE3</th>\n",
       "      <th>AMBV4</th>\n",
       "      <th>CIEL3</th>\n",
       "      <th>FIBR3</th>\n",
       "      <th>MILK11</th>\n",
       "      <th>BRFS3</th>\n",
       "      <th>GFSA3</th>\n",
       "    </tr>\n",
       "  </thead>\n",
       "  <tbody>\n",
       "    <tr>\n",
       "      <th>VALE5</th>\n",
       "      <td>0.006430</td>\n",
       "      <td>0.003877</td>\n",
       "      <td>0.001682</td>\n",
       "      <td>0.005670</td>\n",
       "      <td>0.003457</td>\n",
       "      <td>0.006326</td>\n",
       "      <td>0.005109</td>\n",
       "      <td>0.004729</td>\n",
       "      <td>0.004167</td>\n",
       "      <td>0.006212</td>\n",
       "      <td>0.004897</td>\n",
       "      <td>0.003384</td>\n",
       "      <td>0.005051</td>\n",
       "      <td>0.004528</td>\n",
       "      <td>-0.000112</td>\n",
       "      <td>0.002973</td>\n",
       "      <td>0.006347</td>\n",
       "      <td>-0.002209</td>\n",
       "      <td>0.001700</td>\n",
       "      <td>0.002326</td>\n",
       "    </tr>\n",
       "    <tr>\n",
       "      <th>PETR4</th>\n",
       "      <td>0.003877</td>\n",
       "      <td>0.004397</td>\n",
       "      <td>0.000927</td>\n",
       "      <td>0.003748</td>\n",
       "      <td>0.004250</td>\n",
       "      <td>0.004113</td>\n",
       "      <td>0.003151</td>\n",
       "      <td>0.003843</td>\n",
       "      <td>0.005312</td>\n",
       "      <td>0.003337</td>\n",
       "      <td>0.003928</td>\n",
       "      <td>0.002152</td>\n",
       "      <td>0.003313</td>\n",
       "      <td>0.003571</td>\n",
       "      <td>0.000652</td>\n",
       "      <td>0.000363</td>\n",
       "      <td>0.004199</td>\n",
       "      <td>-0.009269</td>\n",
       "      <td>0.001956</td>\n",
       "      <td>0.001691</td>\n",
       "    </tr>\n",
       "    <tr>\n",
       "      <th>OGXP3</th>\n",
       "      <td>0.001682</td>\n",
       "      <td>0.000927</td>\n",
       "      <td>0.004742</td>\n",
       "      <td>0.003032</td>\n",
       "      <td>0.000508</td>\n",
       "      <td>0.001617</td>\n",
       "      <td>0.002334</td>\n",
       "      <td>0.002490</td>\n",
       "      <td>0.002047</td>\n",
       "      <td>0.002457</td>\n",
       "      <td>0.001513</td>\n",
       "      <td>0.001833</td>\n",
       "      <td>0.002458</td>\n",
       "      <td>0.002239</td>\n",
       "      <td>0.000685</td>\n",
       "      <td>0.001357</td>\n",
       "      <td>0.003698</td>\n",
       "      <td>-0.005968</td>\n",
       "      <td>-0.000074</td>\n",
       "      <td>0.006456</td>\n",
       "    </tr>\n",
       "    <tr>\n",
       "      <th>ITUB4</th>\n",
       "      <td>0.005670</td>\n",
       "      <td>0.003748</td>\n",
       "      <td>0.003032</td>\n",
       "      <td>0.007138</td>\n",
       "      <td>0.003453</td>\n",
       "      <td>0.005546</td>\n",
       "      <td>0.006145</td>\n",
       "      <td>0.004409</td>\n",
       "      <td>0.005188</td>\n",
       "      <td>0.007287</td>\n",
       "      <td>0.005092</td>\n",
       "      <td>0.005808</td>\n",
       "      <td>0.006658</td>\n",
       "      <td>0.007406</td>\n",
       "      <td>0.001030</td>\n",
       "      <td>0.002485</td>\n",
       "      <td>0.006067</td>\n",
       "      <td>-0.007526</td>\n",
       "      <td>0.001535</td>\n",
       "      <td>0.006818</td>\n",
       "    </tr>\n",
       "    <tr>\n",
       "      <th>PETR3</th>\n",
       "      <td>0.003457</td>\n",
       "      <td>0.004250</td>\n",
       "      <td>0.000508</td>\n",
       "      <td>0.003453</td>\n",
       "      <td>0.004220</td>\n",
       "      <td>0.003775</td>\n",
       "      <td>0.002902</td>\n",
       "      <td>0.003504</td>\n",
       "      <td>0.005304</td>\n",
       "      <td>0.002805</td>\n",
       "      <td>0.003458</td>\n",
       "      <td>0.001922</td>\n",
       "      <td>0.003075</td>\n",
       "      <td>0.003383</td>\n",
       "      <td>0.000519</td>\n",
       "      <td>0.000268</td>\n",
       "      <td>0.003721</td>\n",
       "      <td>-0.010028</td>\n",
       "      <td>0.002026</td>\n",
       "      <td>0.001292</td>\n",
       "    </tr>\n",
       "    <tr>\n",
       "      <th>VALE3</th>\n",
       "      <td>0.006326</td>\n",
       "      <td>0.004113</td>\n",
       "      <td>0.001617</td>\n",
       "      <td>0.005546</td>\n",
       "      <td>0.003775</td>\n",
       "      <td>0.006453</td>\n",
       "      <td>0.005091</td>\n",
       "      <td>0.004666</td>\n",
       "      <td>0.004430</td>\n",
       "      <td>0.005506</td>\n",
       "      <td>0.004478</td>\n",
       "      <td>0.002817</td>\n",
       "      <td>0.004826</td>\n",
       "      <td>0.004147</td>\n",
       "      <td>-0.000136</td>\n",
       "      <td>0.002969</td>\n",
       "      <td>0.006588</td>\n",
       "      <td>-0.002988</td>\n",
       "      <td>0.002176</td>\n",
       "      <td>0.002786</td>\n",
       "    </tr>\n",
       "    <tr>\n",
       "      <th>BBDC4</th>\n",
       "      <td>0.005109</td>\n",
       "      <td>0.003151</td>\n",
       "      <td>0.002334</td>\n",
       "      <td>0.006145</td>\n",
       "      <td>0.002902</td>\n",
       "      <td>0.005091</td>\n",
       "      <td>0.006468</td>\n",
       "      <td>0.002965</td>\n",
       "      <td>0.004036</td>\n",
       "      <td>0.006391</td>\n",
       "      <td>0.003922</td>\n",
       "      <td>0.006010</td>\n",
       "      <td>0.005565</td>\n",
       "      <td>0.006529</td>\n",
       "      <td>0.001212</td>\n",
       "      <td>0.002064</td>\n",
       "      <td>0.005778</td>\n",
       "      <td>-0.013439</td>\n",
       "      <td>0.001514</td>\n",
       "      <td>0.006269</td>\n",
       "    </tr>\n",
       "    <tr>\n",
       "      <th>ISUM5</th>\n",
       "      <td>0.004729</td>\n",
       "      <td>0.003843</td>\n",
       "      <td>0.002490</td>\n",
       "      <td>0.004409</td>\n",
       "      <td>0.003504</td>\n",
       "      <td>0.004666</td>\n",
       "      <td>0.002965</td>\n",
       "      <td>0.010369</td>\n",
       "      <td>0.006425</td>\n",
       "      <td>0.004084</td>\n",
       "      <td>0.004683</td>\n",
       "      <td>0.000297</td>\n",
       "      <td>0.004062</td>\n",
       "      <td>0.002880</td>\n",
       "      <td>-0.001223</td>\n",
       "      <td>0.004597</td>\n",
       "      <td>0.007001</td>\n",
       "      <td>-0.007538</td>\n",
       "      <td>0.002226</td>\n",
       "      <td>0.000201</td>\n",
       "    </tr>\n",
       "    <tr>\n",
       "      <th>GGBR4</th>\n",
       "      <td>0.004167</td>\n",
       "      <td>0.005312</td>\n",
       "      <td>0.002047</td>\n",
       "      <td>0.005188</td>\n",
       "      <td>0.005304</td>\n",
       "      <td>0.004430</td>\n",
       "      <td>0.004036</td>\n",
       "      <td>0.006425</td>\n",
       "      <td>0.009084</td>\n",
       "      <td>0.003840</td>\n",
       "      <td>0.004178</td>\n",
       "      <td>0.002997</td>\n",
       "      <td>0.004913</td>\n",
       "      <td>0.004662</td>\n",
       "      <td>0.001109</td>\n",
       "      <td>0.001399</td>\n",
       "      <td>0.005920</td>\n",
       "      <td>-0.019576</td>\n",
       "      <td>0.001388</td>\n",
       "      <td>0.002152</td>\n",
       "    </tr>\n",
       "    <tr>\n",
       "      <th>BBAS3</th>\n",
       "      <td>0.006212</td>\n",
       "      <td>0.003337</td>\n",
       "      <td>0.002457</td>\n",
       "      <td>0.007287</td>\n",
       "      <td>0.002805</td>\n",
       "      <td>0.005506</td>\n",
       "      <td>0.006391</td>\n",
       "      <td>0.004084</td>\n",
       "      <td>0.003840</td>\n",
       "      <td>0.009516</td>\n",
       "      <td>0.006491</td>\n",
       "      <td>0.007540</td>\n",
       "      <td>0.007054</td>\n",
       "      <td>0.008701</td>\n",
       "      <td>0.001121</td>\n",
       "      <td>0.002215</td>\n",
       "      <td>0.005016</td>\n",
       "      <td>-0.003759</td>\n",
       "      <td>0.000840</td>\n",
       "      <td>0.005963</td>\n",
       "    </tr>\n",
       "    <tr>\n",
       "      <th>CSNA3</th>\n",
       "      <td>0.004897</td>\n",
       "      <td>0.003928</td>\n",
       "      <td>0.001513</td>\n",
       "      <td>0.005092</td>\n",
       "      <td>0.003458</td>\n",
       "      <td>0.004478</td>\n",
       "      <td>0.003922</td>\n",
       "      <td>0.004683</td>\n",
       "      <td>0.004178</td>\n",
       "      <td>0.006491</td>\n",
       "      <td>0.006334</td>\n",
       "      <td>0.004510</td>\n",
       "      <td>0.004852</td>\n",
       "      <td>0.006262</td>\n",
       "      <td>0.000886</td>\n",
       "      <td>0.000431</td>\n",
       "      <td>0.004154</td>\n",
       "      <td>-0.002124</td>\n",
       "      <td>0.001370</td>\n",
       "      <td>0.001963</td>\n",
       "    </tr>\n",
       "    <tr>\n",
       "      <th>PDGR3</th>\n",
       "      <td>0.003384</td>\n",
       "      <td>0.002152</td>\n",
       "      <td>0.001833</td>\n",
       "      <td>0.005808</td>\n",
       "      <td>0.001922</td>\n",
       "      <td>0.002817</td>\n",
       "      <td>0.006010</td>\n",
       "      <td>0.000297</td>\n",
       "      <td>0.002997</td>\n",
       "      <td>0.007540</td>\n",
       "      <td>0.004510</td>\n",
       "      <td>0.009034</td>\n",
       "      <td>0.005767</td>\n",
       "      <td>0.008950</td>\n",
       "      <td>0.002556</td>\n",
       "      <td>-0.000651</td>\n",
       "      <td>0.002460</td>\n",
       "      <td>-0.015074</td>\n",
       "      <td>-0.000100</td>\n",
       "      <td>0.006316</td>\n",
       "    </tr>\n",
       "    <tr>\n",
       "      <th>ITSA4</th>\n",
       "      <td>0.005051</td>\n",
       "      <td>0.003313</td>\n",
       "      <td>0.002458</td>\n",
       "      <td>0.006658</td>\n",
       "      <td>0.003075</td>\n",
       "      <td>0.004826</td>\n",
       "      <td>0.005565</td>\n",
       "      <td>0.004062</td>\n",
       "      <td>0.004913</td>\n",
       "      <td>0.007054</td>\n",
       "      <td>0.004852</td>\n",
       "      <td>0.005767</td>\n",
       "      <td>0.006414</td>\n",
       "      <td>0.007290</td>\n",
       "      <td>0.001199</td>\n",
       "      <td>0.002206</td>\n",
       "      <td>0.005141</td>\n",
       "      <td>-0.005707</td>\n",
       "      <td>0.001124</td>\n",
       "      <td>0.006222</td>\n",
       "    </tr>\n",
       "    <tr>\n",
       "      <th>CYRE3</th>\n",
       "      <td>0.004528</td>\n",
       "      <td>0.003571</td>\n",
       "      <td>0.002239</td>\n",
       "      <td>0.007406</td>\n",
       "      <td>0.003383</td>\n",
       "      <td>0.004147</td>\n",
       "      <td>0.006529</td>\n",
       "      <td>0.002880</td>\n",
       "      <td>0.004662</td>\n",
       "      <td>0.008701</td>\n",
       "      <td>0.006262</td>\n",
       "      <td>0.008950</td>\n",
       "      <td>0.007290</td>\n",
       "      <td>0.010881</td>\n",
       "      <td>0.002121</td>\n",
       "      <td>0.000132</td>\n",
       "      <td>0.003564</td>\n",
       "      <td>-0.010957</td>\n",
       "      <td>0.001554</td>\n",
       "      <td>0.008034</td>\n",
       "    </tr>\n",
       "    <tr>\n",
       "      <th>AMBV4</th>\n",
       "      <td>-0.000112</td>\n",
       "      <td>0.000652</td>\n",
       "      <td>0.000685</td>\n",
       "      <td>0.001030</td>\n",
       "      <td>0.000519</td>\n",
       "      <td>-0.000136</td>\n",
       "      <td>0.001212</td>\n",
       "      <td>-0.001223</td>\n",
       "      <td>0.001109</td>\n",
       "      <td>0.001121</td>\n",
       "      <td>0.000886</td>\n",
       "      <td>0.002556</td>\n",
       "      <td>0.001199</td>\n",
       "      <td>0.002121</td>\n",
       "      <td>0.003224</td>\n",
       "      <td>-0.002031</td>\n",
       "      <td>0.000511</td>\n",
       "      <td>-0.000724</td>\n",
       "      <td>-0.000624</td>\n",
       "      <td>0.004975</td>\n",
       "    </tr>\n",
       "    <tr>\n",
       "      <th>CIEL3</th>\n",
       "      <td>0.002973</td>\n",
       "      <td>0.000363</td>\n",
       "      <td>0.001357</td>\n",
       "      <td>0.002485</td>\n",
       "      <td>0.000268</td>\n",
       "      <td>0.002969</td>\n",
       "      <td>0.002064</td>\n",
       "      <td>0.004597</td>\n",
       "      <td>0.001399</td>\n",
       "      <td>0.002215</td>\n",
       "      <td>0.000431</td>\n",
       "      <td>-0.000651</td>\n",
       "      <td>0.002206</td>\n",
       "      <td>0.000132</td>\n",
       "      <td>-0.002031</td>\n",
       "      <td>0.005352</td>\n",
       "      <td>0.004051</td>\n",
       "      <td>0.001527</td>\n",
       "      <td>0.000968</td>\n",
       "      <td>0.001361</td>\n",
       "    </tr>\n",
       "    <tr>\n",
       "      <th>FIBR3</th>\n",
       "      <td>0.006347</td>\n",
       "      <td>0.004199</td>\n",
       "      <td>0.003698</td>\n",
       "      <td>0.006067</td>\n",
       "      <td>0.003721</td>\n",
       "      <td>0.006588</td>\n",
       "      <td>0.005778</td>\n",
       "      <td>0.007001</td>\n",
       "      <td>0.005920</td>\n",
       "      <td>0.005016</td>\n",
       "      <td>0.004154</td>\n",
       "      <td>0.002460</td>\n",
       "      <td>0.005141</td>\n",
       "      <td>0.003564</td>\n",
       "      <td>0.000511</td>\n",
       "      <td>0.004051</td>\n",
       "      <td>0.009235</td>\n",
       "      <td>-0.010161</td>\n",
       "      <td>0.002008</td>\n",
       "      <td>0.004776</td>\n",
       "    </tr>\n",
       "    <tr>\n",
       "      <th>MILK11</th>\n",
       "      <td>-0.002209</td>\n",
       "      <td>-0.009269</td>\n",
       "      <td>-0.005968</td>\n",
       "      <td>-0.007526</td>\n",
       "      <td>-0.010028</td>\n",
       "      <td>-0.002988</td>\n",
       "      <td>-0.013439</td>\n",
       "      <td>-0.007538</td>\n",
       "      <td>-0.019576</td>\n",
       "      <td>-0.003759</td>\n",
       "      <td>-0.002124</td>\n",
       "      <td>-0.015074</td>\n",
       "      <td>-0.005707</td>\n",
       "      <td>-0.010957</td>\n",
       "      <td>-0.000724</td>\n",
       "      <td>0.001527</td>\n",
       "      <td>-0.010161</td>\n",
       "      <td>0.163720</td>\n",
       "      <td>-0.001880</td>\n",
       "      <td>0.002828</td>\n",
       "    </tr>\n",
       "    <tr>\n",
       "      <th>BRFS3</th>\n",
       "      <td>0.001700</td>\n",
       "      <td>0.001956</td>\n",
       "      <td>-0.000074</td>\n",
       "      <td>0.001535</td>\n",
       "      <td>0.002026</td>\n",
       "      <td>0.002176</td>\n",
       "      <td>0.001514</td>\n",
       "      <td>0.002226</td>\n",
       "      <td>0.001388</td>\n",
       "      <td>0.000840</td>\n",
       "      <td>0.001370</td>\n",
       "      <td>-0.000100</td>\n",
       "      <td>0.001124</td>\n",
       "      <td>0.001554</td>\n",
       "      <td>-0.000624</td>\n",
       "      <td>0.000968</td>\n",
       "      <td>0.002008</td>\n",
       "      <td>-0.001880</td>\n",
       "      <td>0.002793</td>\n",
       "      <td>0.002130</td>\n",
       "    </tr>\n",
       "    <tr>\n",
       "      <th>GFSA3</th>\n",
       "      <td>0.002326</td>\n",
       "      <td>0.001691</td>\n",
       "      <td>0.006456</td>\n",
       "      <td>0.006818</td>\n",
       "      <td>0.001292</td>\n",
       "      <td>0.002786</td>\n",
       "      <td>0.006269</td>\n",
       "      <td>0.000201</td>\n",
       "      <td>0.002152</td>\n",
       "      <td>0.005963</td>\n",
       "      <td>0.001963</td>\n",
       "      <td>0.006316</td>\n",
       "      <td>0.006222</td>\n",
       "      <td>0.008034</td>\n",
       "      <td>0.004975</td>\n",
       "      <td>0.001361</td>\n",
       "      <td>0.004776</td>\n",
       "      <td>0.002828</td>\n",
       "      <td>0.002130</td>\n",
       "      <td>0.025542</td>\n",
       "    </tr>\n",
       "  </tbody>\n",
       "</table>\n",
       "</div>"
      ],
      "text/plain": [
       "           VALE5     PETR4     OGXP3     ITUB4     PETR3     VALE3     BBDC4  \\\n",
       "VALE5   0.006430  0.003877  0.001682  0.005670  0.003457  0.006326  0.005109   \n",
       "PETR4   0.003877  0.004397  0.000927  0.003748  0.004250  0.004113  0.003151   \n",
       "OGXP3   0.001682  0.000927  0.004742  0.003032  0.000508  0.001617  0.002334   \n",
       "ITUB4   0.005670  0.003748  0.003032  0.007138  0.003453  0.005546  0.006145   \n",
       "PETR3   0.003457  0.004250  0.000508  0.003453  0.004220  0.003775  0.002902   \n",
       "VALE3   0.006326  0.004113  0.001617  0.005546  0.003775  0.006453  0.005091   \n",
       "BBDC4   0.005109  0.003151  0.002334  0.006145  0.002902  0.005091  0.006468   \n",
       "ISUM5   0.004729  0.003843  0.002490  0.004409  0.003504  0.004666  0.002965   \n",
       "GGBR4   0.004167  0.005312  0.002047  0.005188  0.005304  0.004430  0.004036   \n",
       "BBAS3   0.006212  0.003337  0.002457  0.007287  0.002805  0.005506  0.006391   \n",
       "CSNA3   0.004897  0.003928  0.001513  0.005092  0.003458  0.004478  0.003922   \n",
       "PDGR3   0.003384  0.002152  0.001833  0.005808  0.001922  0.002817  0.006010   \n",
       "ITSA4   0.005051  0.003313  0.002458  0.006658  0.003075  0.004826  0.005565   \n",
       "CYRE3   0.004528  0.003571  0.002239  0.007406  0.003383  0.004147  0.006529   \n",
       "AMBV4  -0.000112  0.000652  0.000685  0.001030  0.000519 -0.000136  0.001212   \n",
       "CIEL3   0.002973  0.000363  0.001357  0.002485  0.000268  0.002969  0.002064   \n",
       "FIBR3   0.006347  0.004199  0.003698  0.006067  0.003721  0.006588  0.005778   \n",
       "MILK11 -0.002209 -0.009269 -0.005968 -0.007526 -0.010028 -0.002988 -0.013439   \n",
       "BRFS3   0.001700  0.001956 -0.000074  0.001535  0.002026  0.002176  0.001514   \n",
       "GFSA3   0.002326  0.001691  0.006456  0.006818  0.001292  0.002786  0.006269   \n",
       "\n",
       "           ISUM5     GGBR4     BBAS3     CSNA3     PDGR3     ITSA4     CYRE3  \\\n",
       "VALE5   0.004729  0.004167  0.006212  0.004897  0.003384  0.005051  0.004528   \n",
       "PETR4   0.003843  0.005312  0.003337  0.003928  0.002152  0.003313  0.003571   \n",
       "OGXP3   0.002490  0.002047  0.002457  0.001513  0.001833  0.002458  0.002239   \n",
       "ITUB4   0.004409  0.005188  0.007287  0.005092  0.005808  0.006658  0.007406   \n",
       "PETR3   0.003504  0.005304  0.002805  0.003458  0.001922  0.003075  0.003383   \n",
       "VALE3   0.004666  0.004430  0.005506  0.004478  0.002817  0.004826  0.004147   \n",
       "BBDC4   0.002965  0.004036  0.006391  0.003922  0.006010  0.005565  0.006529   \n",
       "ISUM5   0.010369  0.006425  0.004084  0.004683  0.000297  0.004062  0.002880   \n",
       "GGBR4   0.006425  0.009084  0.003840  0.004178  0.002997  0.004913  0.004662   \n",
       "BBAS3   0.004084  0.003840  0.009516  0.006491  0.007540  0.007054  0.008701   \n",
       "CSNA3   0.004683  0.004178  0.006491  0.006334  0.004510  0.004852  0.006262   \n",
       "PDGR3   0.000297  0.002997  0.007540  0.004510  0.009034  0.005767  0.008950   \n",
       "ITSA4   0.004062  0.004913  0.007054  0.004852  0.005767  0.006414  0.007290   \n",
       "CYRE3   0.002880  0.004662  0.008701  0.006262  0.008950  0.007290  0.010881   \n",
       "AMBV4  -0.001223  0.001109  0.001121  0.000886  0.002556  0.001199  0.002121   \n",
       "CIEL3   0.004597  0.001399  0.002215  0.000431 -0.000651  0.002206  0.000132   \n",
       "FIBR3   0.007001  0.005920  0.005016  0.004154  0.002460  0.005141  0.003564   \n",
       "MILK11 -0.007538 -0.019576 -0.003759 -0.002124 -0.015074 -0.005707 -0.010957   \n",
       "BRFS3   0.002226  0.001388  0.000840  0.001370 -0.000100  0.001124  0.001554   \n",
       "GFSA3   0.000201  0.002152  0.005963  0.001963  0.006316  0.006222  0.008034   \n",
       "\n",
       "           AMBV4     CIEL3     FIBR3    MILK11     BRFS3     GFSA3  \n",
       "VALE5  -0.000112  0.002973  0.006347 -0.002209  0.001700  0.002326  \n",
       "PETR4   0.000652  0.000363  0.004199 -0.009269  0.001956  0.001691  \n",
       "OGXP3   0.000685  0.001357  0.003698 -0.005968 -0.000074  0.006456  \n",
       "ITUB4   0.001030  0.002485  0.006067 -0.007526  0.001535  0.006818  \n",
       "PETR3   0.000519  0.000268  0.003721 -0.010028  0.002026  0.001292  \n",
       "VALE3  -0.000136  0.002969  0.006588 -0.002988  0.002176  0.002786  \n",
       "BBDC4   0.001212  0.002064  0.005778 -0.013439  0.001514  0.006269  \n",
       "ISUM5  -0.001223  0.004597  0.007001 -0.007538  0.002226  0.000201  \n",
       "GGBR4   0.001109  0.001399  0.005920 -0.019576  0.001388  0.002152  \n",
       "BBAS3   0.001121  0.002215  0.005016 -0.003759  0.000840  0.005963  \n",
       "CSNA3   0.000886  0.000431  0.004154 -0.002124  0.001370  0.001963  \n",
       "PDGR3   0.002556 -0.000651  0.002460 -0.015074 -0.000100  0.006316  \n",
       "ITSA4   0.001199  0.002206  0.005141 -0.005707  0.001124  0.006222  \n",
       "CYRE3   0.002121  0.000132  0.003564 -0.010957  0.001554  0.008034  \n",
       "AMBV4   0.003224 -0.002031  0.000511 -0.000724 -0.000624  0.004975  \n",
       "CIEL3  -0.002031  0.005352  0.004051  0.001527  0.000968  0.001361  \n",
       "FIBR3   0.000511  0.004051  0.009235 -0.010161  0.002008  0.004776  \n",
       "MILK11 -0.000724  0.001527 -0.010161  0.163720 -0.001880  0.002828  \n",
       "BRFS3  -0.000624  0.000968  0.002008 -0.001880  0.002793  0.002130  \n",
       "GFSA3   0.004975  0.001361  0.004776  0.002828  0.002130  0.025542  "
      ]
     },
     "execution_count": 5,
     "metadata": {},
     "output_type": "execute_result"
    }
   ],
   "source": [
    "cov = retornos.cov()\n",
    "cov"
   ]
  },
  {
   "cell_type": "code",
   "execution_count": 6,
   "metadata": {},
   "outputs": [
    {
     "data": {
      "text/plain": [
       "VALE5     0.003827\n",
       "PETR4     0.002476\n",
       "OGXP3     0.001802\n",
       "ITUB4     0.004349\n",
       "PETR3     0.002191\n",
       "VALE3     0.003759\n",
       "BBDC4     0.003501\n",
       "ISUM5     0.003234\n",
       "GGBR4     0.002949\n",
       "BBAS3     0.004631\n",
       "CSNA3     0.003564\n",
       "PDGR3     0.002926\n",
       "ITSA4     0.004074\n",
       "CYRE3     0.004294\n",
       "AMBV4     0.000848\n",
       "CIEL3     0.001702\n",
       "FIBR3     0.004004\n",
       "MILK11    0.001957\n",
       "BRFS3     0.001232\n",
       "GFSA3     0.005005\n",
       "dtype: float64"
      ]
     },
     "execution_count": 6,
     "metadata": {},
     "output_type": "execute_result"
    }
   ],
   "source": [
    "cov.mean()"
   ]
  },
  {
   "cell_type": "code",
   "execution_count": null,
   "metadata": {},
   "outputs": [],
   "source": [
    "OGXP3     0.001802\n",
    "AMBV4     0.000848\n",
    "CIEL3     0.001702\n",
    "MILK11    0.001957\n",
    "BRFS3     0.001232"
   ]
  },
  {
   "cell_type": "code",
   "execution_count": 8,
   "metadata": {},
   "outputs": [
    {
     "name": "stdout",
     "output_type": "stream",
     "text": [
      "[0.00382725 0.00247558 0.00180174 0.00434939 0.00219064 0.00375922\n",
      " 0.00350085 0.00323352 0.00294879 0.00463081 0.00356385 0.00292642\n",
      " 0.00407419 0.00429387 0.00084756 0.0017018  0.0040037  0.00195735\n",
      " 0.00123155 0.00500492]\n"
     ]
    }
